initial code book
2.355957 -1.039433 0.549518 0.164043 -0.120055 -0.307028 -0.419813 -0.154452 -0.127146 -0.080686 0.090048 0.005342 
2.090978 -1.450013 0.416775 0.329059 0.188984 0.108737 -0.157409 -0.132220 -0.153647 -0.067345 0.142579 0.016618 
1.488221 -1.960704 0.368035 0.616381 0.389798 0.448278 0.138017 -0.163472 -0.197234 -0.007955 0.190601 0.012999 
0.957584 -1.835322 0.334926 1.066284 0.413557 0.248420 0.187836 -0.153767 -0.018943 0.234965 0.167311 -0.051577 
1.668657 -0.773589 0.867268 0.684366 0.146498 0.188687 0.002477 -0.140581 0.022264 -0.057127 -0.084728 0.013145 
2.042257 -0.608025 0.822917 0.755286 0.054340 0.091146 0.108013 -0.149134 -0.108993 -0.098287 -0.097104 0.003853 
1.993177 -0.712908 0.932162 0.855850 0.012708 0.115137 0.179700 -0.112020 -0.127403 -0.029210 -0.086957 -0.077399 
1.389453 -0.685015 0.259875 0.390991 0.165412 0.260793 0.301300 -0.051803 -0.114167 0.099680 0.052731 -0.048613 

final code book
2.437826 -1.094541 0.479743 0.160360 -0.144227 -0.337658 -0.421647 -0.166197 -0.141803 -0.069771 0.101283 0.004857 
2.054581 -0.581869 0.845804 0.154575 0.053616 -0.000146 -0.332764 -0.017538 0.028044 -0.159715 0.057005 0.065742 
1.672550 -1.866803 0.295091 0.516797 0.405846 0.503493 0.141836 -0.147377 -0.234974 -0.040602 0.193288 0.018177 
0.966523 -1.820822 0.328891 1.071891 0.406624 0.254886 0.188128 -0.150014 -0.015295 0.233586 0.163706 -0.046717 
1.914914 -0.663143 0.925907 0.685180 0.095344 0.140131 -0.059138 -0.132537 0.031395 -0.152178 -0.151725 0.057162 
1.912560 -0.606517 0.939817 0.730733 0.007558 0.191799 0.115526 -0.192636 -0.071534 -0.038345 -0.113882 -0.025505 
2.089685 -0.680319 0.787126 0.931044 0.033041 -0.023572 0.210644 -0.123371 -0.219713 -0.017161 -0.025811 -0.122491 
1.013537 -0.621498 0.285401 0.114076 0.252159 0.265463 0.296266 0.061543 -0.001996 0.095849 0.029172 -0.011088 
